0,474
0,243
26,4
26,1
26,3
35,7
31,5
31,1
31,3
25,5
33,115
33,114
33,2
33,0
34,4
34,1
34,3
29,3
27,4
29,1
29,4
35,4
28,4
28,5
27,5
28,1
28,3
27,1
27,3
35,5
35,1
35,3
36,35
33,4
25,4
25,1
25,3
24,4
24,1
24,3
33,5
33,3
3,2
3,1
3,3
10,127
10,285
10,258
10,181
10,114
10,125
10,162
10,1
10,254
10,2
10,3
11,30
11,8
11,7
11,5
11,1
11,21
11,2
11,3
9,7
9,6
9,1
9,4
9,2
9,3
8,10
8,17
8,18
8,13
8,11
8,1
8,9
8,2
8,3
0,318
12,2
12,1
12,3
20,2
20,1
20,3
19,2
19,1
19,3
33,113
33,112
33,111
33,110
33,109
33,108
33,107
33,106
33,105
33,104
33,103
33,102
33,101
33,100
33,99
33,98
33,97
33,96
18,1
18,3
33,95
33,94
33,93
33,92
33,91
33,90
14,3
33,89
33,88
13,1
13,3
33,87
33,86
33,85
33,84
33,83
